0,541
0,540
0,539
0,538
0,537
0,536
0,535
0,534
0,533
0,532
0,531
0,530
0,529
0,528
0,527
0,526
0,525
0,524
0,523
0,522
0,521
0,520
0,519
0,518
0,517
0,516
0,515
0,514
0,513
0,512
0,511
0,510
0,509
0,508
0,507
0,506
0,505
0,504
0,503
0,502
0,501
0,500
0,499
0,498
0,497
0,496
0,495
0,463
0,447
0,446
0,445
0,444
0,443
0,442
0,441
0,440
0,439
0,438
0,437
0,436
0,435
0,433
0,432
0,431
0,430
0,429
0,427
0,426
0,425
0,424
0,423
0,422
0,421
0,420
0,419
0,418
0,417
0,416
0,414
0,413
0,412
0,411
0,410
0,409
0,408
0,407
0,406
0,405
0,404
0,403
0,402
0,401
0,399
0,398
0,397
0,396
0,395
0,394
0,393
0,392
0,391
0,390
0,389
0,388
0,387
0,386
0,344
0,339
0,331
0,322
0,319
0,318
0,317
0,316
0,315
0,243
0,9
0,0
0,310
0,305
0,308
0,304
0,303
0,302
0,307
0,12
0,462
0,10
0,8
0,341
0,300
0,364
0,299
0,475
0,298
0,459
0,297
0,454
0,296
0,374
0,295
0,468
0,294
0,474
0,293
0,362
0,292
0,369
0,291
0,483
0,290
0,351
0,289
0,458
0,288
0,360
0,287
0,358
0,286
0,451
0,285
0,346
0,284
0,333
0,283
0,352
0,282
0,493
0,281
0,363
0,280
0,327
0,279
0,542
0,543
0,545
0,546
0,548
0,549
0,577
0,579
0,580
0,582
0,583
0,585
0,587
0,588
0,590
0,591
0,593
0,594
0,596
0,598
0,599
0,601
0,602
0,604
0,606
0,607
0,609
0,610
0,612
0,613
0,615
0,617
0,618
0,620
0,621
0,623
0,625
0,626
0,628
0,629
0,631
0,632
0,634
0,636
0,637
0,639
0,640
0,642
0,644
0,645
0,647
0,648
0,650
0,652
0,653
0,655
0,656
0,658
0,659
0,661
0,663
0,664
0,666
0,667
0,669
0,671
0,672
0,674
1,0
1,2
1,3
2,1
2,3
2,4
2,6
2,7
2,9
3,1
3,2
3,4
3,5
4,0
4,1
4,3
21,1
21,2
21,4
22,0
22,2
22,4
22,5
23,1
23,2
23,4
24,1
24,2
25,0
25,1
25,3
26,0
26,2
26,4
26,5
27,0
27,1
27,3
28,0
28,1
28,3
28,4
28,6
28,7
29,0
29,2
29,3
29,5
30,0
30,2
30,4
31,0
31,2
31,3
32,0
32,1
32,3
33,1
33,2
34,0
34,1
34,3
34,5
34,6
35,1
35,2
35,4
35,5
35,7
36,1
36,2
36,4
36,5
36,7
37,0
37,1
37,3
38,0
38,2
38,4
39,0
39,2
39,3
40,1
40,2
41,0
41,2
41,3
41,5
41,6
41,8
42,1
42,2
42,4
42,5
42,240
43,0
43,2
43,4
44,0
44,2
44,3
45,1
45,3
46,0
46,2
46,3
47,0
47,1
47,3
48,1
48,2
49,0
49,1
49,3
50,1
50,2
50,4
50,5
51,1
51,3
52,0
52,2
52,3
53,1
53,2
87,0
87,2
87,3
88,0
88,1
88,3
88,5
89,0
89,2
89,3
90,0
90,1
90,3
91,1
91,2
92,0
92,1
92,3
92,5
92,6
93,1
93,2
93,4
94,0
94,2
94,4
94,5
94,7
94,8
95,1
95,3
95,4
96,0
96,1
96,3
96,4
97,1
97,3
97,4
98,1
98,2
99,0
99,2
99,3
100,1
100,2
100,4
100,6
101,0
101,2
101,3
102,1
102,2
103,0
103,2
103,3
103,5
103,6
104,0
104,2
104,3
104,5
104,6
104,8
105,0
105,2
106,0
106,1
106,3
107,0
107,2
107,4
108,0
108,2
108,3
109,1
109,2
110,0
110,2
110,3
110,5
110,6
111,0
111,2
111,3
111,5
111,6
112,1
112,3
112,4
113,1
113,2
114,0
114,1
114,3
115,1
115,2
116,0
116,1
116,3
117,1
117,2
118,0
118,1
118,3
119,0
119,2
119,4
119,5
119,3
119,1
118,2
117,3
117,0
116,2
115,3
115,0
114,2
113,3
113,0
112,2
112,0
111,4
111,1
110,7
110,4
110,1
109,3
109,0
108,1
107,3
107,1
106,2
105,3
105,1
104,7
104,4
104,1
103,7
103,4
103,1
102,3
102,0
101,1
100,5
100,3
100,0
99,1
98,3
98,0
97,2
97,0
96,2
95,5
95,2
95,0
94,6
94,3
94,1
93,3
93,0
92,4
92,2
91,3
91,0
90,2
89,4
89,1
88,4
88,2
87,4
87,1
53,3
53,0
52,1
51,2
51,0
50,3
50,0
49,2
48,3
48,0
47,2
46,4
46,1
45,2
45,0
44,1
43,3
43,1
42,6
42,3
42,0
41,7
41,4
41,1
40,3
40,0
39,1
38,3
38,1
37,2
36,8
36,6
36,3
36,0
35,6
35,3
35,0
34,4
34,2
33,3
33,0
32,2
31,4
31,1
30,3
30,1
29,4
29,1
28,8
28,5
28,2
27,4
27,2
26,6
26,3
26,1
25,2
24,3
24,0
23,3
23,0
22,3
22,1
21,3
21,0
4,2
3,6
3,3
3,0
2,8
2,5
2,2
2,0
1,1
0,673
0,670
0,668
0,665
0,662
0,660
0,657
0,654
0,651
0,649
0,646
0,643
0,641
0,638
0,635
0,633
0,630
0,627
0,624
0,622
0,619
0,616
0,614
0,611
0,608
0,605
0,603
0,600
0,597
0,595
0,592
0,589
0,586
0,584
0,581
0,578
0,576
0,547
0,544
0,473
0,278
0,492
0,277
0,472
0,276
0,340
0,275
0,361
0,274
0,342
0,273
0,356
0,272
0,491
0,271
0,338
0,270
0,471
0,269
0,336
0,268
0,434
0,267
0,481
0,266
0,265
0,450
0,264
0,313
0,263
0,428
0,262
0,312
0,261
0,332
0,260
0,337
0,259
0,311
0,258
0,324
0,257
0,490
0,256
0,345
0,255
0,254
0,350
0,253
0,335
0,252
0,251
0,306
0,250
0,415
0,249
0,480
0,248
0,489
0,247
0,349
0,246
0,330
0,245
0,244
0,329
0,242
0,301
0,241
0,383
0,240
0,457
0,239
0,238
0,367
0,237
0,236
0,348
0,235
0,488
0,234
0,233
0,326
0,232
0,382
0,231
0,464
0,230
0,482
0,229
0,357
0,228
0,381
0,227
0,365
0,226
0,328
0,225
0,487
0,224
0,368
0,223
0,325
0,222
0,456
0,221
0,359
0,220
0,449
0,219
0,400
0,218
0,380
0,217
0,486
0,216
0,343
0,215
0,379
0,214
0,470
0,213
0,323
0,212
0,448
0,211
0,378
0,210
0,209
0,377
0,208
0,320
0,207
0,479
0,206
0,485
0,205
0,204
0,376
0,203
0,355
0,202
0,453
0,201
0,375
0,200
0,314
0,199
0,198
0,373
0,197
0,354
0,196
0,366
0,195
0,334
0,194
0,478
0,193
0,385
0,192
0,466
0,63
0,371
0,62
0,484
0,61
0,372
0,60
0,461
0,59
0,321
0,58
0,460
0,57
0,477
0,56
0,476
0,55
0,370
0,54
0,384
0,53
0,494
0,52
0,452
0,51
0,465
0,50
0,455
0,49
0,48
0,469
0,47
0,347
0,46
0,353
0,45
0,309
0,6
0,5
0,1
0,11
0,4
0,2
0,3
0,7
